[[[30 30 30]
  [30 30 30]
  [29 29 29]
  ..., 
  [32 44 33]
  [34 42 34]
  [35 43 35]]

 [[24 33 29]
  [24 33 29]
  [24 31 27]
  ..., 
  [34 42 34]
  [34 42 36]
  [35 43 37]]

 [[24 33 29]
  [24 33 29]
  [24 35 26]
  ..., 
  [32 43 34]
  [33 45 32]
  [34 46 33]]

 ..., 
 [[35 36 27]
  [35 36 27]
  [35 38 24]
  ..., 
  [31 42 33]
  [31 40 36]
  [30 39 35]]

 [[31 38 28]
  [30 37 27]
  [35 36 27]
  ..., 
  [31 42 33]
  [28 43 36]
  [27 42 35]]

 [[31 38 28]
  [30 37 27]
  [35 36 27]
  ..., 
  [33 41 33]
  [29 42 33]
  [30 43 34]]]